27428518
27870243
27921498
27143432
27808530
27779509
27699007
27377580
27071051
27329317
27846943
27160712
27251990
27302559
27207529
27452451
27401425
27910030
27930579
27881573
27372407
27353829
27904892
27872969
27698444
27568077
27268530
27423580
27630197
27549976
27091248
27321712
27727836
27858449
27794706
27552194
27611239
27380207
27512583
27341416
27888787
27269368
27333359
27864453
27358321
27987780
27673102
27890366
27804799
27744430
27048817
27471454
27119219
27638107
27537888
27843045
27722695
27627137
27281437
27911808
27837469
27242742
27003441
27680650
27710267
27817356
27688397
27913243
27885490
27505664
27646163
27032550
27845651
27527689
27262624
27265323
27672719
27266698
27072268
27520999
27652178
27885334
27948224
27378915
27682660
27656354
27310708
27595783
27968613
27124172
27072487
27378324
27616347
27964916
27696772
27774292
27206209
27334516
27015525
27471184
27472578
27435481
27918430
27135124
27723665
27063907
27269331
27140434
27646083
27797439
27414658
27705535
27975481
27575804
27520899
27823221
27577153
27374925
27970228
27188797
27359036
27678258
27058230
27046364
27983425
27675839
27999798
27405262
27731822
27257637
27233401
27100882
27178320
27819586
27887016
27235875
27257134
27999920
27308513
27995767
27076744
27787324
27057686
27733225
27981154
27115984
27560880
27956318
27581082
27619630
27581041
27776312
27856232
27527567
27308028
27001512
27640111
27433579
27405630
27354675
27040640
27914681
27107836
27210662
27825550
27693259
27972081
27739343
27544134
27901959
27287288
27588091
27721835
27916461
27093127
27078551
27736140
27945597
27162354
27277884
27603499
27423274
27252938
27693658
27602519
27835297
27563941
27525835
27702038
27125237
27791668
27799412
27962794
27457092
27206021
27732428
27732768
27955423
27207327
27196670
27774395
27739913
27293574
27961669
27660236
27738897
27616562
27042458
27182591
27164845
27534258
27610899
27514561
27177604
27599594
27080893
27313993
27904807
27134635
27619832
27707329
27628884
27258291
27851642
27352110
27698173
27110994
27773346
27968732
27658866
27560952
27467238
27017932
27191170
27248591
27857573
27130589
27156987
27952388
27792608
27453124
27691782
27012937
27944522
27206521
27762251
27540076
27080175
27920777
27703277
27240593
27700617
27501592
27447598
27383141
27818467
27325800
27419663
27665444
27993493
27087156
27355531
27511878
27544365
27570558
27204135
27869345
27448009
27657012
27616311
27448425
27759984
27428084
27740737
27462008
27995753
27554488
27366264
27371392
27845567
27441898
27092556
27353881
27327158
27146961
27255936
27340910
27897815
27663666
27144572
27763653
27723512
27401790
27960003
27801562
27743651
27756869
27938169
27256841
27982917
27465240
27503149
27672610
27412801
27462916
27957699
27617568
27029750
27428070
27792493
27068483
27891001
27755752
27443034
27696597
27909439
27869008
27367943
27736674
27975054
27378818
27412056
27280056
27737096
27162176
27531384
27919511
27342286
27623464
27914381
27205085
27755836
27384437
27038624
27246634
27157799
27813091
27898962
27614781
27238278
27340182
27668227
27409710
27969844
27384820
27362973
27746856
27207090
27451804
27617177
27486976
27944881
27172901
27169415
27371227
27233735
27378349
27049819
27563100
27251009
27518770
27273307
27273809
27210444
27321098
27078130
27967855
27720271
27639655
27850922
27644666
27052643
27782878
27617666
27209109
27079351
27645596
27907055
27908784
27969058
27266049
27068274
27950816
27366632
27270660
27079990
27447708
27792964
27684455
27445930
27725441
27121629
27035575
27817772
27236824
27944298
27790306
27929731
27071556
27635242
27021064
27086605
27580500
27933863
27995935
27301296
27393113
27303998
27035681
27560437
27698190
27015920
27332553
27503922
27556807
27450817
27623580
27797890
27295595
27496958
27210451
27519295
27585091
27422283
27093845
27204166
27139341
27500549
27175236
27779030
27005123
27511932
27040556
27036204
27542091
27224156
27467123
27358651
27038314
27929678
27872031
27711594
27585320
27530921
27454700
27119763
27897470
27455698
27135010
27768027
27833608
27324783
27379485
27236740
27953129
27347425
27368529
27886017
27469712
27081731
27813375
27945454
27054245
27361979
27941481
27279272
27929461
27468739
27306575
27521731
27986647
27694981
27605334
27632809
27347373
27722275
27802392
27086842
27230515
27894290
27751261
27322371
27630162
27679679
27027110
27159015
27263235
27064339
27139886
27259287
27759381
27374163
27416986
27187828
27367112
27633960
27851492
27894352
27111645
27459992