2211
6700
5599
1236
7828
4471
3318
5844
9248
2757
6902
7996
4816
2363
5964
9883
4955
1072
3369
2799
5895
3456
6272
9358
4320
6410
6482
7947
9001
3719
9169
2698
6956
8671
9423
5032
8429
8425
9707
1921
8822
2416
1526
2500
3378
2689
7381
3299
1908
7086
5773
3420
7060
5490
6913
7091
8389
7045
8636
5948
2062
8855
5316
3430
3134
8443
2075
1363
3105
1411
4796
5148
4082
6397
2043
4448
3471
4613
2362
1421
1222
7446
7760
1271
6079
5324
4313
8645
6754
5565
8214
3526
5068
2149
8856
5144
9971
6335
9354
3192
7231
4153
9101
1538
1566
1467
2762
9650
9535
6624
9942
7668
6809
6506
7111
7964
6576
1833
7093
6369
4920
3908
4192
5008
4500
3051
4131
9780
5833
5896
6338
5357
4317
9969
5003
8453
3015
1892
4727
1804
4991
6185
1523
7527
6508
8481
9742
6138
5711
8398
2219
3670
1568
2987
7386
6019
1679
5397
3802
7845
7954
2014
9455
3536
8118
4264
9486
8135
1701
7584
5675
8034
4644
1688
3687
5666
7202
1235
4138
5095
6225
7464
7256
3207
8258
3550
5856
5374
3810
7441
4550
8857
9688
6753
1758
5798
9509
6983
1274
9173