57 58 93 97
78 66 13 45
46 24 81 18
74 19 15 46
38 10 82 56
91 41 96 71
20 93 61 90
87 49 76 26
66 43 77 76
13 54 83 11
88 38 94 17
48 39 96 89
44 43 36 55
71 90 52 33
72 75 87 14
18 55 70 21
61 56 30 33
55 99 46 27
96 78 85 79
78 94 37 43
90 30 71 32
31 36 39 28
42 16 68 17
54 70 22 67
62 43 39 21
31 34 86 37
62 17 99 55
28 30 72 12
90 97 45 80
65 21 79 73
84 27 24 49
13 37 17 54
50 75 67 51
98 41 63 41
32 54 37 52
84 76 59 11
24 92 53 51
27 26 56 98
11 76 23 20
93 86 81 83
87 64 98 67
12 85 41 85
46 30 44 77
57 33 91 48
17 39 86 70
39 31 15 14
40 92 11 68
63 14 43 80
61 82 57 72
40 58 47 16
92 42 20 44
34 68 35 68
85 19 48 16
70 95 28 29
15 98 41 82
13 62 72 97
71 29 38 86
88 97 96 69
58 60 78 51
33 10 25 22
23 18 40 23
89 35 75 42
28 65 52 22
65 79 12 88
50 29 77 24
15 50 26 94
64 62 45 12
47 91 52 15
21 79 58 16
19 44 30 28
25 25 25 49
34 14 14 67
22 74 18 36
66 50 40 84
40 24 64 95
69 83 36 53
59 34 81 19
82 91 83 94
18 95 66 77
80 35 74 20
16 44 35 87
38 23 21 48
51 84 69 42
12 93 60 65
20 25 29 64
99 19 56 36
31 45 34 32
92 35 49 13
32 29 11 42
89 27 31 32
59 57 27 53
61 81 73 63
74 38 89 23
73 88 60 26
80 47 59 69
22 95 53 99
45 26 47 33
10 46 10 60
63 75 73 37