137193
155603
191190
193876
187111
121924
181636
130107
129082
113918
128361
197392
182821
162903
150772
134249
119231
128562
195188
190696
148058
197044
145674
150721
157162
173250
158945
172246
194262
176827
105434
111383
131672
154759
112650
115879
169000
192831
172381
191441
148440
118265
195291
199838
129681
116376
185347
199693
135856
108092
190885
142233
167627
176947
188455
117788
193802
164370
128584
137263
153866
170535
166142
183178
175280
118461
152863
158009
158267
174067
136946
191547
192708
173819
162507
180487
135391
129790
105607
193937
172598
169147
133147
115650
179131
142557
164077
106098
122260
139904
197641
102778
144198
135423
114872
193817
168770
121865
189801
137457