3611 3185
3616 2808
3511 2680
3510 2616
3827 2632
3883 3361
3925 3046
3677 3433
3794 3221
3727 2973
3704 2558
3991 3348
3834 2645
3835 3238
3961 2827
3900 3493
3654 3461
3831 2560
3504 3082
3752 3257
3661 2724
3645 3442
3801 2520
7198 3600
3899 3302
3840 2574
3740 2897
3644 2902
3675 3301
3793 2745
3959 2665
3791 2534
3898 2764
3854 3087
3537 2753
3953 2990
3824 3467
3723 2864
3702 3018
3690 2971
3526 2920
3682 3347
3716 3437
3914 3002
3819 3077
3846 2537
3923 2884
3902 2752
3530 3411
3531 2740
3670 3428
3593 3438
3982 2600
3541 3439
3935 3342
3826 2636
3928 2649
3993 2638
3998 3449
3705 3075
3582 2505
3912 3276
3945 2778
3681 2840
3976 2579
3936 3121
3653 2607
3693 2688
3519 2937
3577 3366
3817 3054
3717 2796
3684 2792
3812 3196
3987 3427
3876 3005
3770 2717
3926 3030
3649 3110
3805 3098
3879 3162
3590 2559
3566 3371
3750 3126
3885 2504
3669 2620
3972 3211
3709 2757
3779 3171
3701 2822
3570 3108
3789 2650
3851 2768
3608 3055
3568 2833
3634 3451
3730 3256
3532 2982
3732 3227
3571 2726
3760 2549
3699 2543
3700 3702
3691 3144
3680 2613
3932 3142
3734 3231
3871 3242
3975 2706
3595 3279
3830 2735
3759 2513
3613 2886
3829 3051
3663 2817
3995 2907
3857 3368
3507 3309
3980 2568
3891 3107
3773 2807
3889 2818
3832 3479
3843 3339
3557 3252
3848 2713
3659 2852
3529 3271
3868 2782
3997 2991
3694 3318
3839 3485
3940 2921
3954 2824
3989 2708
3569 3444
3733 3367
3725 3127
3546 2863
3818 2630
3949 2908
3895 2821
3970 2976
3625 2829
3907 3067
3522 2582
3986 3197
3744 3218
3657 3258
3965 2749
3771 2510
3524 2997
3890 2895
3951 3234
3958 3085
3908 2758
3552 3373
3916 2669
3707 3032
3780 3150
3803 3250
3584 2517
3542 3478
3533 3379
3996 3340
3553 2552
3937 2767
3763 3481
3804 3065
3981 3118
3535 3251
3983 3198
3960 2748
3924 3202
3703 3322
3609 3414
3538 3476
3808 3169
3688 3424
3664 3116
3778 2565
3551 2594
3941 3120
3785 3163
3810 2903
3967 3299
3631 2823
3777 2635
3642 2825
3861 2569
3618 3117
3962 2500
3872 3023
3756 3157
3786 3435
3673 2754
3887 3304
3580 3390
3506 2935
3656 3405
3784 3273
3578 3244
3748 2961
3873 3092
3736 3159
3863 2595
3939 3310
3516 3430
3666 2570
3957 2663
3671 3190
3643 3434
3888 3494
3696 3282
3544 2917
3860 3274
3929 3482
3620 3179
3692 3039
3974 3491
3615 2926
3806 3261
3893 3010
3674 2660
3821 3323
3884 2598
3979 2689
3610 3319
3930 2933
3739 3343
3604 2703
3886 3307
3833 3406
3627 2912
3547 3140
3877 2604
3698 3352
3648 3175
3927 2629
3672 3403
3865 2721
3836 2995
3915 2508
3922 3345
3894 3122
3711 3050
3559 3264
3852 3415
3906 3220
3878 2544
3512 2919
3944 3192
3607 3204
3501 2914
3797 2739
3594 3488
3882 2970
3700 3700
3597 3147
3676 2992
3583 3245
3729 2741
3650 3277
3931 2592
3992 2966
3855 2805
3947 3407
3807 2953
3588 2930
3933 3492
3755 2716
3775 2589
3815 2949
3639 3459
3585 3429
3742 2960
3749 2704
3796 2843
3548 2835
3713 2769
3689 2892
3592 2715
3783 2590
3952 3416
3849 2580
3984 2751
3576 3064
3841 2913
3904 2564
3565 2880
3527 2838
3999 3060
3596 2585
3513 2789
3528 3351
3828 2599
3905 2686
3633 3402
3837 3278
3640 2609
3772 3052
3619 3263
3850 2975
3589 3338
3603 2557
3822 2994
3503 2637
3574 3103
3641 3229
3678 3397
3985 3358
3988 3024
3667 3057
10 10
3795 3497
3867 2803
3554 2974
7202 3602
3600 3007
3637 2964
3747 2737
3918 3380
3700 3701
3647 2832
3685 3394
3638 3399
3838 3188
3573 2702
3994 2800
3575 2643
3774 2900
3969 3207
3521 3099
3652 3393
3761 3154
3606 3466
3866 2755
3525 3106
3814 3136
3601 3489
3726 3346
3586 3484
3624 2872
3743 2881
3741 2674
3735 3383
3715 2850
3862 3295
3847 3396
3555 3090
3917 2501
3823 3486
3543 3089
3706 3255
3946 2521
3892 3270
3572 2550
3762 2779
3790 2839
3769 2988
3825 2861
7200 3601
3901 3088
3629 3161
3842 3259
3602 2700
3540 2633
3968 3236
3782 3447
3660 3183
3942 2794
3938 3483
3963 2744
3911 3095
3697 2647
3712 3296
3719 2727
3520 2814
3764 3473
3758 3168
3605 3312
3845 2530
3683 3165
3515 2750
3599 2617
3978 3061
3721 2553
3724 3199
3658 2722
3765 2985
3614 3431
3720 2646
3813 2581
3746 3158
3536 3170
3798 2586
3844 3436
3731 2905
3508 2942
3966 2977
3545 2730
3550 2678
3767 3421
3598 2940
3651 2766
3903 3062
3897 2939
3710 3066
3687 2576
3621 2851
3919 3272
3971 2801
3632 3003
3977 3463
3751 2563
3781 3241
3587 2802
3523 3056
3628 2619
3591 3372
3820 2683
3662 3378
3776 3222
3617 2954
3636 2922
3990 2830
3581 3300
3655 2528
3955 3093
3700 3496
3802 2610
3635 3239
3502 3166
3517 3045
3869 3291
3976 1989
3950 3369
3896 3059
3714 3329
3612 2667
3757 2858
3875 3248
3788 2788
3800 2875
3913 3208
3874 3042
3708 3073
3665 3314
3534 3148
3564 2772
3956 2842
3853 2806
3745 2614
3646 3068
3626 3419
3811 2728
3622 3247
3737 2525
3766 3395
3561 2759
3579 3324
3686 2523
3738 2692
3768 2987
3880 2658
3514 2799
3809 2952
3909 2898
3695 3115
3668 2873
3910 3172
3560 2503
3558 3167
3870 3081
3858 3096
3562 2659
3934 2734
3728 3041
3518 3134
3948 2983
3864 3474
3509 3113
3722 3360
3567 2916
3753 2888
3816 2837
3787 3284
3792 2999
3799 2836
3964 3008
3679 3286
3881 2611
3973 2774
4000 2532
3856 2657
3630 3464
3549 3316
3718 3004
3859 2978
3921 2855
3920 2621
3943 3215